Company	Year	FiscalYear	ListedYear	TradedDidnotTrade	AGROWTH_raw	AGROWTH	SGROWTH_raw	SGROWTH	MBR_raw	MBR	RRP	FAGE_raw	FAGE	FSIZE_raw	FSIZE	ROA_raw	ROA	ROE_raw	ROE	SMARK_raw	SMARK	LEV_raw	LEV	GDPG	CTP	Holding	MiningandOil	Industrial	Property	Services
A. Soriano Corporation	2015	December	l	Traded	-9.15	-9.15	102.19	102.19	29.69	29.69	4	4.44	4.44	23.7	23.7	6.56	6.56	9.46	9.46	158.07	158.07	15.98	15.98	6.35	37.12	1	0	0	0	0
A. Soriano Corporation	2016	December	l	Traded	9.62	9.62	10.93	10.93	23.7	23.7	3	4.45	4.45	23.79	23.79	7.07	7.07	9.38	9.38	158.46	158.46	12.25	12.25	7.15	40.38	1	0	0	0	0
A. Soriano Corporation	2017	December	l	Traded	3.73	3.73	-11.73	-11.73	16.06	16.06	3	4.47	4.47	23.83	23.83	11.61	11.61	14.16	14.16	163.5	163.5	7.69	7.69	6.93	43.96	1	0	0	0	0
A. Soriano Corporation	2018	December	l	Traded	-0.25	-0.25	-7.74	-7.74	14.54	14.54	4.75	4.48	4.48	23.83	23.83	3.63	3.63	4.35	4.35	131.36	131.36	6.23	6.23	6.34	47.56	1	0	0	0	0
A. Soriano Corporation	2019	December	l	Traded	3.62	3.62	8.8	8.8	13.72	13.72	4	4.49	4.49	23.86	23.86	7.98	7.98	9.24	9.24	151.81	151.81	2.18	2.18	6.04	48.34	1	0	0	0	0
AbaCore Capital Holdings, Inc.	2015	December	l	Traded	10.96	10.96	-88.31	-88.31	38.06	38.06	4	3.53	3.53	22.71	22.71	8.83	8.83	11.43	11.43			0.77	0.77	6.35	37.12	1	0	0	0	0
AbaCore Capital Holdings, Inc.	2016	December	l	Traded	4.15	4.15	-98.49	-98.49	40.44	40.44	3	3.56	3.56	22.75	22.75	1.36	1.36	1.8	1.8			1.92	1.92	7.15	40.38	1	0	0	0	0
AbaCore Capital Holdings, Inc.	2017	December	l	Traded	0.84	0.84	207.18	207.18	37.1	37.1	3	3.58	3.58	22.76	22.76	-0.5	-0.5	-0.67	-0.67			2.34	2.34	6.93	43.96	1	0	0	0	0
AbaCore Capital Holdings, Inc.	2018	December	l	Traded	42.54	42.54	266.95	266.95	39.14	39.14	4.75	3.61	3.61	23.18	23.18	28.15	28.15	37.12	37.12			1.41	1.41	6.34	47.56	1	0	0	0	0
AbaCore Capital Holdings, Inc.	2019	December	l	Traded	2.4	2.4	-20.79	-20.79	49.74	49.74	4	3.64	3.64	23.21	23.21	5.15	5.15	7.06	7.06			1.27	1.27	6.04	48.34	1	0	0	0	0
Aboitiz Equity Ventures, Inc.	2015	December	l	Traded	19.09	19.09	1.26	1.26	157.49	157.49	4	3.26	3.26	26.55	26.55	5.2	5.2	14.95	14.95	169.28	169.28	47.44	47.44	6.35	37.12	1	0	0	0	0
Aboitiz Equity Ventures, Inc.	2016	December	l	Traded	31.56	31.56	4.53	4.53	154.53	154.53	3	3.3	3.3	26.87	26.87	4.82	4.82	16.02	16.02	175.98	175.98	55.27	55.27	7.15	40.38	1	0	0	0	0
Aboitiz Equity Ventures, Inc.	2017	December	l	Traded	5.35	5.35	25.63	25.63	152.39	152.39	3	3.33	3.33	26.92	26.92	4.39	4.39	13.97	13.97	172.06	172.06	53.31	53.31	6.93	43.96	1	0	0	0	0
Aboitiz Equity Ventures, Inc.	2018	December	l	Traded	11.97	11.97	21.74	21.74	123.75	123.75	4.75	3.37	3.37	27.04	27.04	4.01	4.01	12.73	12.73	159.63	159.63	51.49	51.49	6.34	47.56	1	0	0	0	0
Aboitiz Equity Ventures, Inc.	2019	December	l	Traded	5.93	5.93	7.33	7.33	118.77	118.77	4	3.4	3.4	27.1	27.1	3.75	3.75	12.49	12.49	149.3	149.3	52.82	52.82	6.04	48.34	1	0	0	0	0
Alliance Global Group, Inc.	2015	December	l	Traded	9.12	9.12	11.78	11.78	105.42	105.42	4	3.09	3.09	26.83	26.83	3.11	3.11	10.19	10.19	180.54	180.54	26.67	26.67	6.35	37.12	1	0	0	0	0
Alliance Global Group, Inc.	2016	December	l	Traded	9.06	9.06	0.91	0.91	96.13	96.13	3	3.14	3.14	26.92	26.92	3.01	3.01	10.06	10.06	190.08	190.08	29.7	29.7	7.15	40.38	1	0	0	0	0
Alliance Global Group, Inc.	2017	December	l	Traded	8.64	8.64	-0.93	-0.93	99.06	99.06	3	3.18	3.18	27.01	27.01	2.84	2.84	9.25	9.25	187.04	187.04	34.11	34.11	6.93	43.96	1	0	0	0	0
Alliance Global Group, Inc.	2018	December	l	Traded	9.37	9.37	11.02	11.02	90.07	90.07	4.75	3.22	3.22	27.1	27.1	2.57	2.57	8.78	8.78	183.58	183.58	34.36	34.36	6.34	47.56	1	0	0	0	0
Alliance Global Group, Inc.	2019	December	l	Traded	9.13	9.13	14.2	14.2	89.13	89.13	4	3.26	3.26	27.19	27.19	2.75	2.75	9.88	9.88	183.73	183.73	35.54	35.54	6.04	48.34	1	0	0	0	0
Anglo Philippine Holdings Corporation	2015	December	l	Traded	15.4	15.4	-36.53	-36.53	49.47	49.47	4	4.04	4.04	22.67	22.67	3.99	3.99	4.21	4.21	695.42	695.42	0	0	6.35	37.12	1	0	0	0	0
Anglo Philippine Holdings Corporation	2016	December	l	Traded	-0.58	-0.58	-94.9	-94.9	56.79	56.79	3	4.06	4.06	22.67	22.67	-1.62	-1.62	-1.72	-1.72	457.48	457.48	0	0	7.15	40.38	1	0	0	0	0
Anglo Philippine Holdings Corporation	2017	December	l	Traded	38.62	38.62	-150.44	-150.44	66.99	66.99	3	4.08	4.08	23.05	23.05	-2.28	-2.28	-3.67	-3.67			0	0	6.93	43.96	1	0	0	0	0
Anglo Philippine Holdings Corporation	2018	December	l	Traded	-3.34	-3.34	89.01	89.01	66.16	66.16	4.75	4.09	4.09	23.02	23.02	-6.49	-6.49	-10.77	-10.77	235.21	235.21	0.46	0.46	6.34	47.56	1	0	0	0	0
Anglo Philippine Holdings Corporation	2019	December	l	Traded	-4.89	-4.89	58.78	58.78	62.07	62.07	4	4.11	4.11	22.97	22.97	-1.5	-1.5	-2.51	-2.51	556.34	556.34	8.41	8.41	6.04	48.34	1	0	0	0	0
Asiabest Group International, Inc.	2018	December	l	Traded	-0.56	-0.56			2900.67	2900.67	4.75	3.87	3.87	19.41	19.41	-0.62	-0.62	-0.62	-0.62			0	0	6.34	47.56	1	0	0	0	0
Asiabest Group International, Inc.	2019	December	l	Traded	0.4	0.4			1163.92	1163.92	4	3.89	3.89	19.41	19.41	-1.01	-1.01	-1.03	-1.03			0	0	6.04	48.34	1	0	0	0	0
ATN Holdings, Inc.	2015	March	l	Traded	4.28	4.28	-12.47	-12.47	78.41	78.41	4	3.99	3.99	21.68	21.68	0.19	0.19	0.28	0.28	246.93	246.93	0.94	0.94	6.23	34.55	1	0	0	0	0
ATN Holdings, Inc.	2016	March	l	Traded	-1.45	-1.45	14.13	14.13	81.27	81.27	4	4.01	4.01	21.66	21.66	0.37	0.37	0.52	0.52	227.49	227.49	0.99	0.99	6.74	36.63	1	0	0	0	0
ATN Holdings, Inc.	2017	March	l	Traded	5.46	5.46	-6.99	-6.99	87.53	87.53	3	4.03	4.03	21.72	21.72	0.11	0.11	0.17	0.17	181.71	181.71	0.96	0.96	7.01	40.54	1	0	0	0	0
ATN Holdings, Inc.	2018	March	l	Traded	14.44	14.44	-52.84	-52.84	113.87	113.87	3	4.04	4.04	21.86	21.86	9.86	9.86	14.46	14.46	214.99	214.99	1.38	1.38	6.94	44.59	1	0	0	0	0
ATN Holdings, Inc.	2019	March	l	Traded	10.96	10.96	54.28	54.28	223.72	223.72	4.75	4.06	4.06	21.97	21.97	-0.34	-0.34	-0.55	-0.55	223.05	223.05	0.71	0.71	6.17	46.16	1	0	0	0	0
Ayala Corporation	2015	December	l	Traded	8.96	8.96	12.51	12.51	133.62	133.62	4	3.85	3.85	27.4	27.33	2.81	2.81	10.68	10.68	154.07	154.07	33.16	33.16	6.35	37.12	1	0	0	0	0
Ayala Corporation	2016	December	l	Traded	13.81	13.81	13.03	13.03	125.16	125.16	3	3.87	3.87	27.54	27.33	2.85	2.85	11.26	11.26	161.15	161.15	32.45	32.45	7.15	40.38	1	0	0	0	0
Ayala Corporation	2017	December	l	Traded	11.38	11.38	4.33	4.33	137.34	137.34	3	3.89	3.89	27.65	27.33	2.44	2.44	9.73	9.73	137.7	137.7	34.32	34.32	6.93	43.96	1	0	0	0	0
Ayala Corporation	2018	December	l	Traded	15.93	15.93	13	13	123.72	123.72	4.75	3.91	3.91	27.81	27.33	2.14	2.14	8.82	8.82	143.96	143.96	34.41	34.41	6.34	47.56	1	0	0	0	0
Ayala Corporation	2019	December	l	Traded	11.6	11.6	3.07	3.07	112.42	112.42	4	3.93	3.93	27.93	27.33	4.88	4.88	19.99	19.99	143.99	143.99	31.79	31.79	6.04	48.34	1	0	0	0	0
BHI Holdings, Inc.	2015	December	l	Traded	0.81	0.81	-23.24	-23.24	329.99	329.99	4	3.97	3.97	18.45	18.45	0.62	0.62	0.64	0.64			0	0	6.35	37.12	1	0	0	0	0
BHI Holdings, Inc.	2016	December	l	Traded	0.23	0.23	-23.35	-23.35	558.56	558.56	3	3.99	3.99	18.45	18.45	-0.17	-0.17	-0.18	-0.18			0	0	7.15	40.38	1	0	0	0	0
BHI Holdings, Inc.	2017	December	l	Traded	0.23	0.23	0	0	725.64	725.64	3	4.01	4.01	18.45	18.45	-0.17	-0.17	-0.18	-0.18			0	0	6.93	43.96	1	0	0	0	0
BHI Holdings, Inc.	2018	December	l	Traded	0.09	0.09	-0.01	-0.01	611.31	611.31	4.75	4.03	4.03	18.45	18.45	-0.2	-0.2	-0.21	-0.21			0	0	6.34	47.56	1	0	0	0	0
BHI Holdings, Inc.	2019	December	l	Traded	0.23	0.23	0.01	0.01	621.87	621.87	4	4.04	4.04	18.45	18.45	-0.14	-0.14	-0.15	-0.15			0	0	6.04	48.34	1	0	0	0	0
Cosco Capital, Inc.	2015	December	l	Traded	8.46	8.46	16.71	16.71	112.11	112.11	4	3.3	3.3	25.3	25.3	4.6	4.6	9.67	9.67	120.63	120.63	13.91	13.91	6.35	37.12	1	0	0	0	0
Cosco Capital, Inc.	2016	December	l	Traded	4.98	4.98	10.12	10.12	105.88	105.88	3	3.33	3.33	25.35	25.35	4.61	4.61	9.41	9.41	121.44	121.44	12.43	12.43	7.15	40.38	1	0	0	0	0
Cosco Capital, Inc.	2017	December	l	Traded	22.72	22.72	11.99	11.99	98.02	98.02	3	3.37	3.37	25.58	25.58	3.67	3.67	8.79	8.79	121.1	121.1	26.67	26.67	6.93	43.96	1	0	0	0	0
Cosco Capital, Inc.	2018	December	l	Traded	8.03	8.03	14.41	14.41	89.04	89.04	4.75	3.4	3.4	25.66	25.66	3.86	3.86	9.16	9.16	120.31	120.31	25.59	25.59	6.34	47.56	1	0	0	0	0
Cosco Capital, Inc.	2019	December	l	Traded	10.15	10.15	-1.28	-1.28	83.53	83.53	4	3.43	3.43	25.76	25.76	7.51	7.51	16.61	16.61	121.95	121.95	21.16	21.16	6.04	48.34	1	0	0	0	0
DMCI Holdings, Inc.	2015	December	l	Traded	7.98	7.98	-1.08	-1.08	162.76	162.76	4	3	3	25.72	25.72	8.1	8.1	19.25	19.25	176.79	176.79	27.44	27.44	6.35	37.12	1	0	0	0	0
DMCI Holdings, Inc.	2016	December	l	Traded	4.8	4.8	19.92	19.92	154.17	154.17	3	3.04	3.04	25.77	25.77	8.14	8.14	18.65	18.65	166.63	166.63	23.66	23.66	7.15	40.38	1	0	0	0	0
DMCI Holdings, Inc.	2017	December	l	Traded	9.74	9.74	16.7	16.7	153.85	153.85	3	3.09	3.09	25.87	25.87	8.59	8.59	19.33	19.33	174.56	174.56	22.99	22.99	6.93	43.96	1	0	0	0	0
DMCI Holdings, Inc.	2018	December	l	Traded	5.98	5.98	2.62	2.62	143.56	143.56	4.75	3.14	3.14	25.93	25.93	7.96	7.96	18.48	18.48	159.66	159.66	22.76	22.76	6.34	47.56	1	0	0	0	0
DMCI Holdings, Inc.	2019	December	l	Traded	9.6	9.6	5.77	5.77	100.36	100.36	4	3.18	3.18	26.03	26.03	5.25	5.25	12.78	12.78	146.14	146.14	23.47	23.47	6.04	48.34	1	0	0	0	0
F & J Prince Holdings Corporation	2015	December	l	Traded	4.61	4.61	30.95	30.95	106.56	106.56	4	3.78	3.78	21.35	21.35	7.39	7.39	7.84	7.84			0	0	6.35	37.12	1	0	0	0	0
F & J Prince Holdings Corporation	2016	December	l	Traded	5.27	5.27	-10.61	-10.61	100.24	100.24	3	3.81	3.81	21.4	21.4	6.79	6.79	7.18	7.18			0	0	7.15	40.38	1	0	0	0	0
F & J Prince Holdings Corporation	2017	December	l	Traded	4.55	4.55	-16.2	-16.2	75.82	75.82	3	3.83	3.83	21.45	21.45	3.76	3.76	4.02	4.02			0	0	6.93	43.96	1	0	0	0	0
F & J Prince Holdings Corporation	2018	December	l	Traded	-5.39	-5.39	-137.1	-137.1	93.64	93.64	4.75	3.85	3.85	21.39	21.39	0.62	0.62	0.66	0.66			0	0	6.34	47.56	1	0	0	0	0
F & J Prince Holdings Corporation	2019	December	l	Traded	-2.77	-2.77	119.76	119.76	74.51	74.51	4	3.87	3.87	21.37	21.37	1.69	1.69	1.81	1.81			0	0	6.04	48.34	1	0	0	0	0
Filinvest Development Corporation	2015	December	l	Traded	20.05	20.05	24.53	24.53	92.53	92.53	4	3.74	3.74	26.76	26.76	1.04	1.04	6.04	6.04	252.92	252.92	25.54	25.54	6.35	37.12	1	0	0	0	0
Filinvest Development Corporation	2016	December	l	Traded	17.27	17.27	17.28	17.28	99.94	99.94	3	3.76	3.76	26.94	26.94	1.1	1.1	7.14	7.14	272.06	272.06	24.12	24.12	7.15	40.38	1	0	0	0	0
Filinvest Development Corporation	2017	December	l	Traded	6.63	6.63	14.32	14.32	96.7	96.7	3	3.78	3.78	27	27	1.24	1.24	8.33	8.33	283.95	283.95	24.48	24.48	6.93	43.96	1	0	0	0	0
Filinvest Development Corporation	2018	December	l	Traded	10.16	10.16	9.27	9.27	101.12	101.12	4.75	3.81	3.81	27.1	27.1	1.66	1.66	11.16	11.16	290.98	290.98	24.88	24.88	6.34	47.56	1	0	0	0	0
Filinvest Development Corporation	2019	December	l	Traded	8.51	8.51	12.85	12.85	100.5	100.5	4	3.83	3.83	27.19	27.19	1.86	1.86	11.91	11.91	272.39	272.39	26.26	26.26	6.04	48.34	1	0	0	0	0
Forum Pacific, Inc.	2015	December	l	Traded	-2.12	-2.12			116.37	116.37	4	3.09	3.09	19.7	19.7	-0.72	-0.72	-0.73	-0.73			0	0	6.35	37.12	1	0	0	0	0
Forum Pacific, Inc.	2016	December	l	Traded	-0.83	-0.83			97.31	97.31	3	3.14	3.14	19.69	19.69	-0.93	-0.93	-0.94	-0.94			0	0	7.15	40.38	1	0	0	0	0
Forum Pacific, Inc.	2017	December	l	Traded	-5.53	-5.53			97.44	97.44	3	3.18	3.18	19.64	19.64	-6.74	-6.74	-6.84	-6.84			0	0	6.93	43.96	1	0	0	0	0
Forum Pacific, Inc.	2018	December	l	Traded	1.26	1.26			117.33	117.33	4.75	3.22	3.22	19.65	19.65	-0.77	-0.77	-0.78	-0.78			0	0	6.34	47.56	1	0	0	0	0
Forum Pacific, Inc.	2019	December	l	Traded	-1.24	-1.24			108.08	108.08	4	3.26	3.26	19.64	19.64	-0.61	-0.61	-0.62	-0.62			0.01	0.01	6.04	48.34	1	0	0	0	0
GT Capital Holdings, Inc.	2015	December	l	Traded	33.25	33.25	12.4	12.4	145.09	145.09	4	2.08	2.08	26.44	26.44	2.5	2.5	8.45	8.45	120.97	120.97	39.65	39.65	6.35	37.12	1	0	0	0	0
GT Capital Holdings, Inc.	2016	December	l	Traded	-13.68	-13.68	37.83	37.83	139.34	139.34	3	2.2	2.2	26.3	26.3	3.66	3.66	8.46	8.46	118.16	118.16	33.44	33.44	7.15	40.38	1	0	0	0	0
GT Capital Holdings, Inc.	2017	December	l	Traded	14.77	14.77	16.86	16.86	132.77	132.77	3	2.3	2.3	26.45	26.45	4.61	4.61	9.71	9.71	115.82	115.82	29.62	29.62	6.93	43.96	1	0	0	0	0
GT Capital Holdings, Inc.	2018	December	l	Traded	15.05	15.05	-17.3	-17.3	110.25	110.25	4.75	2.4	2.4	26.6	26.6	3.48	3.48	7.97	7.97	114.01	114.01	36.59	36.59	6.34	47.56	1	0	0	0	0
GT Capital Holdings, Inc.	2019	December	l	Traded	0	0	6.73	6.73	100.96	100.96	4	2.48	2.48	26.6	26.6	4.61	4.61	9.29	9.29	116.72	116.72	35.8	35.8	6.04	48.34	1	0	0	0	0
House of Investments, Inc.	2015	December	l	Traded	18.87	18.87	16.31	16.31	82.65	82.65	4	4.03	4.03	24.27	24.27	2.94	2.94	10.85	10.85	116.43	116.43	22.77	22.77	6.35	37.12	1	0	0	0	0
House of Investments, Inc.	2016	December	l	Traded	-3.24	-3.24	-12.26	-12.26	80.31	80.31	3	4.04	4.04	24.24	24.24	1.2	1.2	4.01	4.01	116.31	116.31	21.56	21.56	7.15	40.38	1	0	0	0	0
House of Investments, Inc.	2017	December	l	Traded	10.32	10.32	6.78	6.78	82.16	82.16	3	4.06	4.06	24.34	24.34	2.52	2.52	8.41	8.41	113.35	113.35	27.73	27.73	6.93	43.96	1	0	0	0	0
House of Investments, Inc.	2018	December	l	Traded	5.85	5.85	15.94	15.94	77.69	77.69	4.75	4.08	4.08	24.4	24.4	2.14	2.14	6.83	6.83	115.17	115.17	33.62	33.62	6.34	47.56	1	0	0	0	0
House of Investments, Inc.	2019	December	l	Traded	27.23	27.23	5.48	5.48	79.4	79.4	4	4.09	4.09	24.67	24.67	1.87	1.87	6.61	6.61	116.19	116.19	28.13	28.13	6.04	48.34	1	0	0	0	0
Philab Holdings Corporation	2015	December	l	Traded	-103.81	-103.42	-207.97	-207.97	3366.53	3366.53	4	2.71	2.71	17.23	17.23	-11.63	-11.63	-12.39	-12.39	126.26	126.26	0	0	6.35	37.12	1	0	0	0	0
Philab Holdings Corporation	2016	December	l	Traded	161.33	161.33			454.42	454.42	3	2.77	2.77	18.84	18.84	-1.65	-1.65	-9.67	-9.67			0	0	7.15	40.38	1	0	0	0	0
Philab Holdings Corporation	2017	December	l	Traded	258.37	233.05			468.56	468.56	3	2.83	2.83	21.43	21.43	-13.07	-13.07	-99.51	-99.51	238.37	238.37	56.21	56.21	6.93	43.96	1	0	0	0	0
Philab Holdings Corporation	2018	December	l	Traded	-2	-2	-120.98	-120.98	394.61	394.61	4.75	2.89	2.89	21.41	21.41	-10.61	-10.61	-333.97	-300.59	157.36	157.36	58.78	58.78	6.34	47.56	1	0	0	0	0
JG Summit Holdings, Inc.	2015	December	l	Traded	6.41	6.41	21.56	21.56	150.47	150.47	4	3.22	3.22	27.11	27.11	3.79	3.79	10.12	10.12	162.42	162.42	33.77	33.77	6.35	37.12	1	0	0	0	0
JG Summit Holdings, Inc.	2016	December	l	Traded	11.1	11.1	4.78	4.78	136.69	136.69	3	3.26	3.26	27.23	27.23	1.64	1.64	4.56	4.56	166.37	166.37	33.18	33.18	7.15	40.38	1	0	0	0	0
JG Summit Holdings, Inc.	2017	December	l	Traded	10.42	10.42	12.84	12.84	133.57	133.57	3	3.3	3.3	27.33	27.33	3.97	3.97	10.97	10.97	159.11	159.11	30.77	30.77	6.93	43.96	1	0	0	0	0
JG Summit Holdings, Inc.	2018	December	l	Traded	10.25	10.25	6.54	6.54	114.9	114.9	4.75	3.33	3.33	27.43	27.33	2.34	2.34	6.94	6.94	150.33	150.33	29.99	29.99	6.34	47.56	1	0	0	0	0
JG Summit Holdings, Inc.	2019	December	l	Traded	12.49	12.49	3.34	3.34	129.51	129.51	4	3.37	3.37	27.56	27.33	3.37	3.37	10.26	10.26	158.42	158.42	31.68	31.68	6.04	48.34	1	0	0	0	0
Jolliville Holdings Corporation	2015	December	l	Traded	43.54	43.54	-19.64	-19.64	96.49	96.49	4	3.37	3.37	22.12	22.12	5.89	5.89	20.2	20.2	169.15	169.15	35.69	35.69	6.35	37.12	1	0	0	0	0
Jolliville Holdings Corporation	2016	December	l	Traded	17.29	17.29	-1.37	-1.37	93.68	93.68	3	3.4	3.4	22.3	22.3	6.53	6.53	20.79	20.79	168.29	168.29	35.91	35.91	7.15	40.38	1	0	0	0	0
Jolliville Holdings Corporation	2017	December	l	Traded	12.91	12.91	-62.58	-62.58	105.36	105.36	3	3.43	3.43	22.43	22.43	1.28	1.28	5.06	5.06	83.24	83.24	35.84	35.84	6.93	43.96	1	0	0	0	0
Jolliville Holdings Corporation	2018	December	l	Traded	9.03	9.03	66.92	66.92	102.58	102.58	4.75	3.47	3.47	22.52	22.52	6.29	6.29	21.56	21.56	119.41	119.41	35.5	35.5	6.34	47.56	1	0	0	0	0
Jolliville Holdings Corporation	2019	December	l	Traded	-5.98	-5.98	41.8	41.8	101.32	101.32	4	3.5	3.5	22.46	22.46	1.64	1.64	5.16	5.16	148.79	148.79	33.3	33.3	6.04	48.34	1	0	0	0	0
Keppel Philippines Holdings, Inc.	2015	December	l	Traded	1.26	1.26	18.36	18.36	77.84	77.84	4	3.69	3.69	20.75	20.75	1.28	1.28	2.26	2.26			0	0	6.35	37.12	1	0	0	0	0
Keppel Philippines Holdings, Inc.	2016	December	l	Traded	0.03	0.03	12.09	12.09	69.89	69.89	3	3.71	3.71	20.75	20.75	1.32	1.32	2.34	2.34			0	0	7.15	40.38	1	0	0	0	0
Keppel Philippines Holdings, Inc.	2017	December	l	Traded	-1.09	-1.09	97.66	97.66	67.68	67.68	3	3.74	3.74	20.74	20.74	4.41	4.41	7.22	7.22			0	0	6.93	43.96	1	0	0	0	0
Keppel Philippines Holdings, Inc.	2018	December	l	Traded	-0.29	-0.29	-64.21	-64.21	63.06	63.06	4.75	3.76	3.76	20.74	20.74	0.52	0.52	0.83	0.83			0	0	6.34	47.56	1	0	0	0	0
Keppel Philippines Holdings, Inc.	2019	December	l	Traded	1.22	1.22	17.04	17.04	63.97	63.97	4	3.78	3.78	20.75	20.75	1.79	1.79	2.83	2.83			0	0	6.04	48.34	1	0	0	0	0
Lodestar Investment Holdings Corporation	2015	December	l	Traded	-66.53	-66.53			2270.36	2270.36	4	3.71	3.71	16.93	16.93	-97.88	-97.88	-105.09	-105.09			0	0	6.35	37.12	1	0	0	0	0
Lodestar Investment Holdings Corporation	2016	December	l	Traded	143.99	143.99			1178.07	1178.07	3	3.74	3.74	18.37	18.37	-3.56	-3.56	-3.62	-3.62			0	0	7.15	40.38	1	0	0	0	0
Lodestar Investment Holdings Corporation	2017	December	l	Traded	93.28	93.28			855.91	855.91	3	3.76	3.76	19.3	19.3	-0.7	-0.7	-0.7	-0.7			0	0	6.93	43.96	1	0	0	0	0
Lodestar Investment Holdings Corporation	2018	December	l	Traded	0.35	0.35			692.73	692.73	4.75	3.78	3.78	19.31	19.31	-0.1	-0.1	-0.1	-0.1			0	0	6.34	47.56	1	0	0	0	0
Lodestar Investment Holdings Corporation	2019	December	l	Traded	-0.42	-0.42			620.83	620.83	4	3.81	3.81	19.3	19.3	-0.07	-0.07	-0.07	-0.07			0	0	6.04	48.34	1	0	0	0	0
Lopez Holdings Corporation	2015	December	l	Traded	5.7	5.7	-2.37	-2.37	94.94	94.94	4	3.09	3.09	26.61	26.61	1.81	1.81	13.39	13.39	162.04	162.04	47.69	47.69	6.35	37.12	1	0	0	0	0
Lopez Holdings Corporation	2016	December	l	Traded	2.12	2.12	-6.72	-6.72	95.27	95.27	3	3.14	3.14	26.63	26.63	1.79	1.79	12.28	12.28	168.29	168.29	44.71	44.71	7.15	40.38	1	0	0	0	0
Lopez Holdings Corporation	2017	December	l	Traded	5.78	5.78	13.21	13.21	91.08	91.08	3	3.18	3.18	26.68	26.68	1.09	1.09	6.98	6.98	187.15	187.15	40.51	40.51	6.93	43.96	1	0	0	0	0
Lopez Holdings Corporation	2018	December	l	Traded	0.66	0.66	17.85	17.85	87.46	87.46	4.75	3.22	3.22	26.69	26.69	1.51	1.51	8.75	8.75	190.6	190.6	38.58	38.58	6.34	47.56	1	0	0	0	0
Lopez Holdings Corporation	2019	December	l	Traded	0.5	0.5	6.34	6.34	86.41	86.41	4	3.26	3.26	26.7	26.7	1.36	1.36	7.6	7.6	190.62	190.62	34.03	34.03	6.04	48.34	1	0	0	0	0
LT Group, Inc.	2015	December	l	Traded	7.29	7.29	6.39	6.39	102.35	102.35	4	4.36	4.36	27.34	27.33	0.88	0.88	5.11	5.11	210.21	210.21	5.11	5.11	6.35	37.12	1	0	0	0	0
LT Group, Inc.	2016	December	l	Traded	10.09	10.09	11.59	11.59	98.59	98.59	3	4.37	4.37	27.44	27.33	0.97	0.97	5.92	5.92	199.71	199.71	5.21	5.21	7.15	40.38	1	0	0	0	0
LT Group, Inc.	2017	December	l	Traded	10.09	10.09	9.85	9.85	104.12	104.12	3	4.38	4.38	27.54	27.33	1.18	1.18	7.3	7.3	194.44	194.44	5.13	5.13	6.93	43.96	1	0	0	0	0
LT Group, Inc.	2018	December	l	Traded	17.98	17.98	17.04	17.04	99.3	99.3	4.75	4.39	4.39	27.72	27.33	1.48	1.48	9.36	9.36	186.76	186.76	8.27	8.27	6.34	47.56	1	0	0	0	0
LT Group, Inc.	2019	December	l	Traded	14.24	14.24	22	22	94.75	94.75	4	4.41	4.41	27.87	27.33	1.83	1.83	12.37	12.37	180.01	180.01	10.56	10.56	6.04	48.34	1	0	0	0	0
Mabuhay Holdings Corporation	2015	December	l	Traded	1.13	1.13	13.78	13.78	65.83	65.83	4	3.3	3.3	21.29	21.29	-0.42	-0.42	-0.77	-0.77			16.87	16.87	6.35	37.12	1	0	0	0	0
Mabuhay Holdings Corporation	2016	December	l	Traded	-6.42	-6.42	1.97	1.97	70.83	70.83	3	3.33	3.33	21.22	21.22	2.84	2.84	4.69	4.69			8.22	8.22	7.15	40.38	1	0	0	0	0
Mabuhay Holdings Corporation	2017	December	l	Traded	2.29	2.29	2.13	2.13	59.42	59.42	3	3.37	3.37	21.25	21.25	1.15	1.15	1.91	1.91			8	8	6.93	43.96	1	0	0	0	0
Mabuhay Holdings Corporation	2018	December	l	Traded	-42.47	-42.47	2.49	2.49	108.51	108.51	4.75	3.4	3.4	20.82	20.82	-43.09	-43.09	-87.25	-87.25			1.23	1.23	6.34	47.56	1	0	0	0	0
Mabuhay Holdings Corporation	2019	December	l	Traded	-15.85	-15.85	3.51	3.51	130.53	130.53	4	3.43	3.43	20.66	20.66	-22.85	-22.85	-65.26	-65.26			1.45	1.45	6.04	48.34	1	0	0	0	0
Max's Group, Inc.	2019	December	l	Traded	26.44	26.44	5.12	5.12	144.89	144.89	4	2.94	2.94	23.54	23.54	4.3	4.3	12.12	12.12	137.73	137.73	41.93	41.93	6.04	48.34	1	0	0	0	0
Metro Pacific Investments Corporation	2015	December	l	Traded	25.57	25.57	9.59	9.59	108.33	108.33	4	2.2	2.2	26.43	26.43	3.16	3.16	7.97	7.97	265.5	265.5	28.98	28.98	6.35	37.12	1	0	0	0	0
Metro Pacific Investments Corporation	2016	December	l	Traded	15.15	15.15	18.53	18.53	116.39	116.39	3	2.3	2.3	26.59	26.59	3.26	3.26	7.54	7.54	243.98	243.98	27.59	27.59	7.15	40.38	1	0	0	0	0
Metro Pacific Investments Corporation	2017	December	l	Traded	35.96	35.96	14.43	14.43	110.81	110.81	3	2.4	2.4	26.95	26.95	2.35	2.35	7.33	7.33	223.27	223.27	37.54	37.54	6.93	43.96	1	0	0	0	0
Metro Pacific Investments Corporation	2018	December	l	Traded	10.22	10.22	30.27	30.27	95.12	95.12	4.75	2.48	2.48	27.05	27.05	2.22	2.22	7.15	7.15	199.08	199.08	38.55	38.55	6.34	47.56	1	0	0	0	0
Metro Pacific Investments Corporation	2019	December	l	Traded	9.21	9.21	4.76	4.76	86.74	86.74	4	2.56	2.56	27.14	27.14	-0.61	-0.61	-1.94	-1.94	211.05	211.05	40.91	40.91	6.04	48.34	1	0	0	0	0
IPM Holdings, Inc.	2015	December	l	Traded	19.38	19.38	5.78	5.78	682.35	682.35	4	3	3	20.8	20.8	5.33	5.33	9.96	9.96	326	326	9.27	9.27	6.35	37.12	1	0	0	0	0
MJC Investments, Inc.	2015	December	l	Traded	88.95	88.95	-75.29	-75.29	234.25	234.25	4	4.09	4.09	22.53	22.53	-0.89	-0.89	-1.82	-1.82			40.8	40.8	6.35	37.12	1	0	0	0	0
MJC Investments, Inc.	2016	December	l	Traded	9.8	9.8	383.55	372.91	227.33	227.33	3	4.11	4.11	22.62	22.62	-6.67	-6.67	-17.45	-17.45	64.3	64.3	51.89	51.89	7.15	40.38	1	0	0	0	0
MJC Investments, Inc.	2017	December	l	Traded	3.78	3.78	74.85	74.85	229.86	229.86	3	4.13	4.13	22.66	22.66	-11.37	-11.37	-44.68	-44.68	61.93	61.93	50.07	50.07	6.93	43.96	1	0	0	0	0
MJC Investments, Inc.	2018	December	l	Traded	-3.64	-3.64	28.32	28.32	205.72	205.72	4.75	4.14	4.14	22.63	22.63	-11.13	-11.13	-71.56	-71.56			41.59	41.59	6.34	47.56	1	0	0	0	0
MJC Investments, Inc.	2019	December	l	Traded	-9.44	-9.44	17.63	17.63	228.84	228.84	4	4.16	4.16	22.53	22.53	-10.53	-10.53	-161.18	-161.18			38.34	38.34	6.04	48.34	1	0	0	0	0
Pacifica Holdings, Inc.	2015	December	l	Traded	-491.27	-103.42			527998.72	86705.6	4	4.06	4.06	12.37	14.49	-10876.04	-127.15	4547.81	223.58			0	0	6.35	37.12	1	0	0	0	0
Pacifica Holdings, Inc.	2016	December	l	Traded	5.38	5.38			613701.21	86705.6	3	4.08	4.08	12.42	14.49	-1007.66	-127.15	81.64	81.64			0	0	7.15	40.38	1	0	0	0	0
Pacifica Holdings, Inc.	2017	December	l	Traded	195.11	195.11			103464.13	86705.6	3	4.09	4.09	14.37	14.49	-127.15	-127.15	42.03	42.03			245.62	136.66	6.93	43.96	1	0	0	0	0
Pacifica Holdings, Inc.	2018	December	l	Traded	-108.1	-103.42			251046.11	86705.6	4.75	4.11	4.11	13.29	14.49	-272.99	-127.15	23.44	23.44			0	0	6.34	47.56	1	0	0	0	0
Pacifica Holdings, Inc.	2019	December	l	Traded	390.75	233.05			3251.68	3251.68	4	4.13	4.13	17.2	17.2	-13.09	-13.09	-18.83	-18.83			0	0	6.04	48.34	1	0	0	0	0
Prime Media Holdings, Inc.	2015	December	l	Traded	-5.81	-5.81	-70.01	-70.01	791.01	791.01	4	3.95	3.95	18.79	18.79	-21.17	-21.17	51.63	51.63			0	0	6.35	37.12	1	0	0	0	0
Prime Media Holdings, Inc.	2016	December	l	Traded	-21.92	-21.92	39.08	39.08	937.61	937.61	3	3.97	3.97	18.57	18.57	-22.56	-22.56	30.64	30.64			0	0	7.15	40.38	1	0	0	0	0
Prime Media Holdings, Inc.	2017	December	l	Traded	-27.43	-27.43	-30.1	-30.1	996.73	996.73	3	3.99	3.99	18.3	18.3	-32.12	-32.12	24.92	24.92			0	0	6.93	43.96	1	0	0	0	0
Prime Media Holdings, Inc.	2018	December	l	Traded	-64.2	-64.2	-19.01	-19.01	2161.9	2161.9	4.75	4.01	4.01	17.66	17.66	-52.75	-52.75	17.46	17.46			0	0	6.34	47.56	1	0	0	0	0
Prime Media Holdings, Inc.	2019	December	l	Traded	15.09	15.09	67.57	67.57	2145.73	2145.73	4	4.03	4.03	17.81	17.81	-1.83	-1.83	0.7	0.7			0	0	6.04	48.34	1	0	0	0	0
AyalaLand Logistics Holdings Corp.	2015	June	l	Traded	-7.86	-7.86	-17.48	-17.48	148.84	148.84	4	3.26	3.26	22.22	22.22	-5.88	-5.88	-9.82	-9.82	305.97	305.97	0	0	6.1	34.59	1	0	0	0	0
AyalaLand Logistics Holdings Corp.	2016	June	l	Traded	36.67	36.67	40.4	40.4	119.15	119.15	3	3.3	3.3	22.59	22.59	0.47	0.47	0.99	0.99	168.13	168.13	0	0	7.01	37.55	1	0	0	0	0
AyalaLand Logistics Holdings Corp.	2017	December	l	Traded	32.66	32.66	-52.99	-52.99	122.53	122.53	3	3.33	3.33	22.91	22.91	0.37	0.37	0.46	0.46	301.96	301.96	0	0	6.93	43.96	1	0	0	0	0
AyalaLand Logistics Holdings Corp.	2018	December	l	Traded	37.43	37.43	170.84	170.84	140.63	140.63	4.75	3.37	3.37	23.29	23.29	3.41	3.41	4.78	4.78	136.31	136.31	0	0	6.34	47.56	1	0	0	0	0
AyalaLand Logistics Holdings Corp.	2019	December	l	Traded	40.07	40.07	46.14	46.14	140.17	140.17	4	3.4	3.4	23.69	23.69	3.08	3.08	5.39	5.39	135.15	135.15	8.95	8.95	6.04	48.34	1	0	0	0	0
Republic Glass Holdings Corporation	2015	December	l	Traded	-4.4	-4.4	-151.47	-151.47	99.36	99.36	4	4.08	4.08	21.29	21.29	-1.56	-1.56	-1.68	-1.68			0	0	6.35	37.12	1	0	0	0	0
Republic Glass Holdings Corporation	2016	December	l	Traded	-1.03	-1.03	66.98	66.98	101.54	101.54	3	4.09	4.09	21.28	21.28	3.07	3.07	3.32	3.32			0	0	7.15	40.38	1	0	0	0	0
Republic Glass Holdings Corporation	2017	December	l	Traded	-1.72	-1.72	-43.86	-43.86	102.41	102.41	3	4.11	4.11	21.26	21.26	1.3	1.3	1.4	1.4			0	0	6.93	43.96	1	0	0	0	0
Republic Glass Holdings Corporation	2018	December	l	Traded	9.08	9.08	-62.86	-62.86	95.87	95.87	4.75	4.13	4.13	21.35	21.35	-0.07	-0.07	-0.08	-0.08			0	0	6.34	47.56	1	0	0	0	0
Republic Glass Holdings Corporation	2019	December	l	Traded	1.46	1.46	132.26	132.26	105.33	105.33	4	4.14	4.14	21.37	21.37	4.28	4.28	4.66	4.66			0	0	6.04	48.34	1	0	0	0	0
San Miguel Corporation	2015	December	l	Traded	2.32	2.32	-13.87	-13.87	86.79	86.79	4	4.62	4.6	27.85	27.33	0.99	0.99	5.16	5.16	126.35	126.35	55.74	55.74	6.35	37.12	1	0	0	0	0
San Miguel Corporation	2016	December	l	Traded	4.76	4.76	1.93	1.93	89	89	3	4.63	4.6	27.9	27.33	1.34	1.34	6.24	6.24	133.32	133.32	52.66	52.66	7.15	40.38	1	0	0	0	0
San Miguel Corporation	2017	December	l	Traded	5.42	5.42	18.68	18.68	90.19	90.19	3	4.64	4.6	27.95	27.33	2.05	2.05	9.4	9.4	128.23	128.23	51.05	51.05	6.93	43.96	1	0	0	0	0
San Miguel Corporation	2018	December	l	Traded	19.5	19.5	21.57	21.57	92.82	92.82	4.75	4.65	4.6	28.15	27.33	1.38	1.38	6.83	6.83	124.12	124.12	56.29	56.29	6.34	47.56	1	0	0	0	0
San Miguel Corporation	2019	December	l	Traded	8.08	8.08	-0.43	-0.43	95.06	95.06	4	4.66	4.6	28.23	27.33	1.17	1.17	6.42	6.42	124.63	124.63	54.71	54.71	6.04	48.34	1	0	0	0	0
Seafront Resources Corporation	2015	December	l	Traded	-18.94	-18.94	59.11	59.11	236.04	236.04	4	3.81	3.81	18.93	18.93	-5.72	-5.72	-5.73	-5.73			0	0	6.35	37.12	1	0	0	0	0
Seafront Resources Corporation	2016	December	l	Traded	23.58	23.58	-14.64	-14.64	194.34	194.34	3	3.83	3.83	19.16	19.16	3	3	3.01	3.01			0	0	7.15	40.38	1	0	0	0	0
Seafront Resources Corporation	2017	December	l	Traded	105.59	105.59	74.81	74.81	82.34	82.34	3	3.85	3.85	20.22	20.22	2.43	2.43	2.71	2.71			0	0	6.93	43.96	1	0	0	0	0
Seafront Resources Corporation	2018	December	l	Traded	-21.84	-21.84	-18.88	-18.88	96.96	96.96	4.75	3.87	3.87	20	20	-1.41	-1.41	-1.56	-1.56			0	0	6.34	47.56	1	0	0	0	0
Seafront Resources Corporation	2019	December	l	Traded	26.16	26.16	95.32	95.32	67.18	67.18	4	3.89	3.89	20.26	20.26	5.14	5.14	5.72	5.72			0	0	6.04	48.34	1	0	0	0	0
SM Investments Corporation	2015	December	l	Traded	9.84	9.84	7.31	7.31	152.68	152.68	4	4.01	4.01	27.39	27.33	3.67	3.67	10.31	10.31	163.65	163.65	35.86	35.86	6.35	37.12	1	0	0	0	0
SM Investments Corporation	2016	December	l	Traded	9.23	9.23	8.56	8.56	145.66	145.66	3	4.03	4.03	27.48	27.33	3.62	3.62	10.38	10.38	164.44	164.44	37.13	37.13	7.15	40.38	1	0	0	0	0
SM Investments Corporation	2017	December	l	Traded	10.84	10.84	8.63	8.63	190.03	190.03	3	4.04	4.04	27.59	27.33	3.43	3.43	10.03	10.03	166.89	166.89	37.19	37.19	6.93	43.96	1	0	0	0	0
SM Investments Corporation	2018	December	l	Traded	9.96	9.96	12.7	12.7	170.88	170.88	4.75	4.06	4.06	27.69	27.33	3.5	3.5	10.49	10.49	168.75	168.75	36.39	36.39	6.34	47.56	1	0	0	0	0
SM Investments Corporation	2019	December	l	Traded	7.58	7.58	10.91	10.91	176.37	176.37	4	4.08	4.08	27.77	27.33	3.9	3.9	11.65	11.65	171.24	171.24	35.33	35.33	6.04	48.34	1	0	0	0	0
SOCResources, Inc.	2015	December	l	Traded	-10.24	-10.24	50.62	50.62	44.85	44.85	4	3.14	3.14	21.29	21.29	-1.2	-1.2	-1.32	-1.32	138.69	138.69	0	0	6.35	37.12	1	0	0	0	0
SOCResources, Inc.	2016	December	l	Traded	-0.21	-0.21	-25.08	-25.08	48.91	48.91	3	3.18	3.18	21.29	21.29	1.46	1.46	1.56	1.56	186.09	186.09	0	0	7.15	40.38	1	0	0	0	0
SOCResources, Inc.	2017	December	l	Traded	-0.39	-0.39	-92.52	-92.52	49.57	49.57	3	3.22	3.22	21.29	21.29	-1.49	-1.49	-1.62	-1.62	250.96	250.96	0	0	6.93	43.96	1	0	0	0	0
SOCResources, Inc.	2018	December	l	Traded	2.39	2.39	67.32	67.32	45.96	45.96	4.75	3.26	3.26	21.31	21.31	0.44	0.44	0.48	0.48	250.16	250.16	0	0	6.34	47.56	1	0	0	0	0
SOCResources, Inc.	2019	December	l	Traded	3.92	3.92	-18.53	-18.53	51.06	51.06	4	3.3	3.3	21.35	21.35	-0.13	-0.13	-0.15	-0.15	201.15	201.15	0	0	6.04	48.34	1	0	0	0	0
Solid Group, Inc.	2015	December	l	Traded	-9.97	-9.97	25.68	25.68	37.53	37.53	4	4.41	4.41	23.24	23.24	3.94	3.94	5.09	5.09	128.7	128.7	2.08	2.08	6.35	37.12	1	0	0	0	0
Solid Group, Inc.	2016	December	l	Traded	-8.66	-8.66	-1.58	-1.58	32.15	32.15	3	4.42	4.42	23.15	23.15	3.03	3.03	3.56	3.56	118.61	118.61	0.99	0.99	7.15	40.38	1	0	0	0	0
Solid Group, Inc.	2017	December	l	Traded	3.68	3.68	-25.21	-25.21	37.01	37.01	3	4.43	4.43	23.19	23.19	3.38	3.38	3.99	3.99	124.28	124.28	0.98	0.98	6.93	43.96	1	0	0	0	0
Solid Group, Inc.	2018	December	l	Traded	1.66	1.66	-27.46	-27.46	32.55	32.55	4.75	4.44	4.44	23.2	23.2	2.07	2.07	2.42	2.42	122.89	122.89	1.04	1.04	6.34	47.56	1	0	0	0	0
Solid Group, Inc.	2019	December	l	Traded	1.34	1.34	-34.3	-34.3	31.43	31.43	4	4.45	4.45	23.22	23.22	1.78	1.78	2.11	2.11	133.44	133.44	0.69	0.69	6.04	48.34	1	0	0	0	0
Synergy Grid & Development Phils., Inc.	2015	December	l	Traded	0.9	0.9	514.63	372.91	128556.77	86705.6	4	3.81	3.81	15.57	15.57	-0.42	-0.42	-0.45	-0.45			0	0	6.35	37.12	1	0	0	0	0
Synergy Grid & Development Phils., Inc.	2016	December	l	Traded	24.75	24.75	14.71	14.71	125192.8	86705.6	3	3.83	3.83	15.82	15.82	21.7	21.7	22.99	22.99			0	0	7.15	40.38	1	0	0	0	0
Synergy Grid & Development Phils., Inc.	2017	December	l	Traded	-4.23	-4.23	-16.1	-16.1	125642.44	86705.6	3	3.85	3.85	15.77	15.77	-4.11	-4.11	-4.35	-4.35			0	0	6.93	43.96	1	0	0	0	0
Synergy Grid & Development Phils., Inc.	2018	December	l	Traded	-12.14	-12.14	-3.37	-3.37	422403.31	86705.6	4.75	3.87	3.87	15.65	15.65	-14.18	-14.18	-15.35	-15.35			0	0	6.34	47.56	1	0	0	0	0
Synergy Grid & Development Phils., Inc.	2019	December	l	Traded	26.72	26.72	51.04	51.04	117638.11	86705.6	4	3.89	3.89	15.92	15.92	23.76	23.76	25.15	25.15			0	0	6.04	48.34	1	0	0	0	0
Top Frontier Investment Holdings, Inc.	2015	December	l	Traded	2.1	2.1	-13.87	-13.87	94.19	94.19	4	1.95	1.95	27.95	27.33	0.01	0.01	0.13	0.13	125.89	125.89	54.71	54.71	6.35	37.12	1	0	0	0	0
Top Frontier Investment Holdings, Inc.	2016	December	l	Traded	4.1	4.1	1.93	1.93	94.65	94.65	3	2.08	2.08	27.99	27.33	0.24	0.24	2.74	2.74	132.83	132.83	50.01	50.01	7.15	40.38	1	0	0	0	0
Top Frontier Investment Holdings, Inc.	2017	December	l	Traded	4.78	4.78	18.68	18.68	94.29	94.29	3	2.2	2.2	28.03	27.33	0.82	0.82	9.08	9.08	127.87	127.87	48.51	48.51	6.93	43.96	1	0	0	0	0
Top Frontier Investment Holdings, Inc.	2018	December	l	Traded	17.96	17.96	21.57	21.57	93.58	93.58	4.75	2.3	2.3	28.21	27.33	0.39	0.39	4.41	4.41	123.88	123.88	53.77	53.77	6.34	47.56	1	0	0	0	0
Top Frontier Investment Holdings, Inc.	2019	December	l	Traded	7.52	7.52	-0.43	-0.43	93.53	93.53	4	2.4	2.4	28.29	27.33	0.5	0.5	5.91	5.91	124.47	124.47	52.35	52.35	6.04	48.34	1	0	0	0	0
Unioil Resources & Holdings Company, Inc.	2015	December	l	Traded	-5.82	-5.82	-86.96	-86.96	464.68	464.68	4	3.33	3.33	19.46	19.46	1.16	1.16	-0.56	-0.56			0	0	6.35	37.12	1	0	0	0	0
Unioil Resources & Holdings Company, Inc.	2016	December	l	Traded	3.02	3.02	-180.72	-180.72	455.65	455.65	3	3.37	3.37	19.49	19.49	-0.4	-0.4	0.2	0.2			0	0	7.15	40.38	1	0	0	0	0
Wellex Industries, Incorporated	2015	December	l	Traded	27.6	27.6	7.73	7.73	68.35	68.35	4	4.08	4.08	21.31	21.31	24.23	24.23	34.65	34.65	204.34	204.34	0.02	0.02	6.35	37.12	1	0	0	0	0
Wellex Industries, Incorporated	2016	December	l	Traded	1.66	1.66	-1.85	-1.85	62.26	62.26	3	4.09	4.09	21.33	21.33	5.9	5.9	8.21	8.21	158.1	158.1	0.01	0.01	7.15	40.38	1	0	0	0	0
Wellex Industries, Incorporated	2017	December	l	Traded	-0.92	-0.92	15.65	15.65	61.1	61.1	3	4.11	4.11	21.32	21.32	-1	-1	-1.4	-1.4	158.99	158.99	0	0	6.93	43.96	1	0	0	0	0
Wellex Industries, Incorporated	2018	December	l	Traded	-5.52	-5.52	26.76	26.76	77.04	77.04	4.75	4.13	4.13	21.26	21.26	-1.3	-1.3	-1.84	-1.84	172.27	172.27	0	0	6.34	47.56	1	0	0	0	0
Wellex Industries, Incorporated	2019	December	l	Traded	-2.24	-2.24	25.6	25.6	69.25	69.25	4	4.14	4.14	21.24	21.24	-2.5	-2.5	-3.58	-3.58	210.88	210.88	0	0	6.04	48.34	1	0	0	0	0
Zeus Holdings, Inc.	2015	December	l	Traded	-68.23	-68.23			94565.43	86705.6	4	3.53	3.53	13.53	14.49	-97.98	-97.98	-3127.37	-300.59			0	0	6.35	37.12	1	0	0	0	0
Zeus Holdings, Inc.	2016	December	l	Traded	0.83	0.83			90183.36	86705.6	3	3.56	3.56	13.54	14.49	-90.26	-90.26	5713.67	223.58			0	0	7.15	40.38	1	0	0	0	0
Zeus Holdings, Inc.	2017	December	l	Traded	14.17	14.17			65762.08	65762.08	3	3.58	3.58	13.68	14.49	-78.04	-78.04	-651.13	-300.59			0	0	6.93	43.96	1	0	0	0	0
Zeus Holdings, Inc.	2018	December	l	Traded	-0.75	-0.75			69407.41	69407.41	4.75	3.61	3.61	13.67	14.49	-81.56	-81.56	-927.34	-300.59			0	0	6.34	47.56	1	0	0	0	0
Zeus Holdings, Inc.	2019	December	l	Traded	9.45	9.45			57415.64	57415.64	4	3.64	3.64	13.77	14.49	-76.16	-76.16	-456.8	-300.59			0	0	6.04	48.34	1	0	0	0	0
